100
0 831 698 442 774 796 533 576 235 501 487 1073 806 1001 420 272 852 817 370 141 742 495 758 615 380 174 243 600 689 567 130 664 245 628 997 674 989 695 576 623 851 988 304 634 696 209 855 761 605 566 565 424 619 991 663 341 1015 985 551 476 827 503 781 365 654 939 722 765 329 714 427 617 311 637 1047 825 469 499 1042 1004 351 740 472 1038 702 826 1080 409 737 446 600 1002 387 938 563 389 575 1039 318 396
831 0 600 468 70 689 299 256 738 330 360 248 198 202 463 896 690 665 704 870 202 681 392 281 475 658 975 728 553 655 723 450 680 679 172 159 269 718 622 321 150 212 578 198 331 847 715 461 671 517 338 530 714 353 665 491 209 201 345 785 309 331 700 736 694 208 624 133 778 232 429 750 960 621 241 667 584 695 222 195 754 236 553 247 313 458 254 761 746 619 508 264 654 177 387 478 379 225 530 810
698 600 0 686 602 1106 486 511 474 491 415 725 420 626 651 924 1134 1100 858 819 398 924 870 656 415 598 936 1022 48 150 679 152 453 1005 744 549 868 1071 128 710 732 810 672 496 780 853 1153 924 128 843 330 297 1025 942 1016 501 795 599 335 986 337 459 1105 880 1031 806 1021 467 887 708 602 1047 980 69 663 1105 231 231 791 781 883 732 804 839 770 956 730 927 1112 253 132 864 828 555 721 392 723 804 605 952
442 468 686 0 399 439 235 248 478 214 277 713 536 666 38 433 480 444 238 432 479 249 318 197 287 287 523 338 650 633 313 566 425 319 608 317 561 386 616 187 437 575 140 310 254 392 494 330 669 168 380 420 339 552 333 212 613 659 369 337 611 243 433 270 345 518 353 462 311 288 85 363 496 658 707 450 508 615 647 604 287 310 119 626 262 391 719 300 429 519 555 576 189 622 121 309 133 638 141 346
774 70 602 399 0 629 245 199 694 275 315 314 230 272 395 829 633 607 635 807 214 611 335 211 428 600 911 660 555 641 662 450 635 612 223 100 273 653 610 252 129 234 513 150 268 781 658 404 662 449 312 498 647 340 599 436 247 270 317 716 341 281 639 667 628 210 561 149 710 168 364 682 893 616 310 609 559 674 269 235 685 176 484 278 250 407 320 691 682 592 500 273 585 242 318 434 309 268 468 741
796 689 1106 439 629 0 621 605 900 615 691 873 847 876 477 632 61 40 431 716 809 306 299 465 724 688 748 221 1065 1068 674 970 853 173 738 609 585 121 1049 409 564 651 530 642 363 642 59 229 1103 271 780 857 195 501 134 651 707 882 772 371 949 647 23 446 151 588 86 762 497 462 518 218 668 1085 902 46 945 1054 752 707 467 454 344 690 380 255 877 417 104 958 975 608 409 866 385 746 383 731 568 458
533 299 486 235 245 621 0 47 453 32 87 541 309 474 211 623 648 614 463 579 248 484 392 175 188 360 690 566 445 471 428 349 394 537 467 145 494 597 446 226 345 473 302 102 302 566 667 440 501 367 159 284 562 530 541 192 492 461 152 571 377 40 622 493 560 435 537 246 524 251 163 591 687 473 519 619 363 481 514 480 506 278 351 520 294 479 548 529 637 388 359 501 418 418 236 198 238 513 243 571
576 256 511 248 199 605 47 0 500 76 130 501 288 438 230 653 628 595 483 617 231 492 360 146 235 402 726 567 467 506 468 367 441 534 422 99 447 591 480 200 298 426 332 65 270 600 649 414 535 362 181 327 561 485 534 237 445 426 177 585 367 86 607 514 556 388 523 217 548 210 186 592 718 503 482 600 402 521 469 433 528 237 358 473 261 447 507 546 628 430 386 454 436 385 224 244 224 467 278 591
235 738 474 478 694 900 453 500 0 428 379 961 662 877 442 494 949 912 519 371 602 628 782 592 266 219 478 738 471 336 269 465 60 749 910 596 946 820 348 621 798 926 371 544 702 425 958 805 372 638 419 236 752 974 776 286 941 856 407 644 656 415 890 527 776 888 817 642 509 687 421 760 540 409 922 919 251 265 959 928 520 715 556 972 702 863 967 576 864 221 391 954 513 807 581 260 591 961 338 580
501 330 491 214 275 615 32 76 428 0 78 573 338 506 187 592 645 610 437 548 276 464 398 184 164 328 659 549 450 466 396 358 368 523 497 175 518 585 442 230 370 501 272 134 309 535 663 443 497 356 168 270 547 551 530 162 521 493 159 548 401 32 614 466 547 461 530 277 496 267 137 574 657 473 551 615 352 470 544 509 479 295 332 548 303 486 580 503 626 376 361 526 393 449 230 177 234 543 212 544
487 360 415 277 315 691 87 130 379 78 0 592 322 515 244 614 722 687 482 553 258 523 476 260 115 320 668 615 376 388 397 289 321 593 532 219 575 657 364 308 425 548 304 165 386 552 740 522 419 428 106 197 615 615 601 154 562 498 94 600 365 49 690 509 618 515 606 278 532 337 193 640 678 395 561 692 276 394 580 549 519 365 396 593 379 563 598 550 698 301 284 580 442 451 307 119 311 582 237 587
1073 248 725 713 314 873 541 501 961 573 592 0 318 99 710 1143 860 843 947 1117 367 914 579 521 706 901 1223 949 681 817 968 594 905 895 136 406 315 924 783 553 314 234 826 439 543 1095 887 646 824 745 544 738 932 421 875 733 179 126 555 1021 389 570 888 980 906 290 821 319 1023 453 677 970 1207 765 69 842 774 873 139 173 998 446 792 215 525 621 6 1001 946 812 669 294 897 171 624 705 614 162 777 1052
806 198 420 536 230 847 309 288 662 338 322 318 0 223 517 929 856 828 770 875 64 778 560 392 426 642 990 846 373 500 720 279 609 806 325 241 463 856 466 446 346 397 610 228 484 870 881 627 509 635 245 430 837 551 800 476 376 199 258 873 112 321 854 801 825 404 773 85 833 388 471 870 994 452 267 831 458 555 371 362 815 402 644 421 468 636 324 835 889 496 351 455 724 150 495 419 491 384 548 878
1001 202 626 666 272 876 474 438 877 506 515 99 223 0 658 1090 870 849 904 1054 276 883 577 483 627 831 1163 929 582 720 902 496 822 878 174 351 358 914 686 523 313 275 769 374 527 1037 896 647 726 719 458 649 914 463 862 662 229 27 470 987 289 499 888 936 892 317 816 237 977 430 621 951 1154 667 46 849 681 778 201 219 953 430 755 274 509 631 104 962 940 719 572 340 854 74 589 625 581 223 716 1011
420 463 651 38 395 477 211 230 442 187 244 710 517 658 0 434 518 482 253 421 458 279 346 203 249 259 518 372 615 595 293 533 389 356 610 307 574 423 578 204 444 583 123 293 277 387 532 363 631 206 349 382 374 571 370 174 618 649 337 361 587 214 471 284 382 528 391 447 320 299 51 397 497 621 700 488 470 577 651 608 299 323 153 634 282 423 716 318 466 481 519 589 207 611 145 271 157 643 109 361
272 896 924 433 829 632 623 653 494 592 614 1143 929 1090 434 0 693 662 226 133 866 335 697 630 538 326 115 413 905 809 244 857 486 460 1041 739 984 515 810 613 868 1006 321 718 664 71 688 675 848 476 713 629 438 957 501 464 1045 1079 699 265 978 608 613 199 481 946 576 868 144 718 469 422 64 869 1132 670 695 750 1080 1037 176 737 389 1056 676 742 1149 216 550 680 809 1001 272 1038 541 556 553 1071 381 175
852 690 1134 480 633 61 648 628 949 645 722 860 856 870 518 693 0 37 489 775 822 365 298 485 762 739 808 282 1092 1103 728 995 900 233 724 623 562 182 1083 429 557 633 579 660 373 701 27 230 1137 313 806 894 256 472 193 692 690 878 799 432 961 676 83 505 212 571 132 771 557 469 556 279 729 1117 893 30 982 1093 734 691 526 457 393 669 389 239 864 477 161 996 1005 586 466 865 415 784 411 713 613 519
817 665 1100 444 607 40 614 595 912 610 687 843 828 849 482 662 37 0 456 742 792 332 273 453 726 702 778 254 1059 1067 693 961 863 202 707 593 550 158 1047 396 536 618 543 628 344 669 54 204 1102 276 772 858 228 464 161 656 675 856 765 404 932 641 63 473 183 556 96 743 525 442 520 254 700 1082 873 8 946 1057 719 675 494 431 357 656 361 222 847 447 144 960 971 574 431 841 380 748 377 698 577 490
370 704 858 238 635 431 463 483 519 437 482 947 770 904 253 226 489 456 0 286 711 126 471 426 444 302 336 230 830 772 260 760 486 259 836 555 764 325 764 401 657 792 187 546 443 216 490 448 811 250 588 565 249 732 297 358 835 897 575 130 838 461 414 32 284 730 364 699 84 507 300 247 281 816 945 464 647 733 872 827 53 523 166 842 456 516 953 69 366 645 731 783 51 861 328 466 339 861 255 108
141 870 819 432 807 716 579 617 371 548 553 1117 875 1054 421 133 775 742 286 0 811 410 730 623 461 238 119 505 805 696 156 768 371 543 1026 711 993 606 701 619 865 1004 297 680 681 80 774 720 735 519 644 532 528 980 582 399 1037 1040 630 367 911 557 698 270 567 949 650 823 222 719 443 519 170 761 1098 750 589 632 1069 1028 251 741 424 1054 691 787 1123 305 644 570 712 1008 318 996 551 475 563 1062 339 280
742 202 398 479 214 809 248 231 602 276 258 367 64 276 458 866 822 792 711 811 0 723 530 347 362 578 926 795 351 462 655 249 549 758 353 199 471 810 428 402 340 412 548 175 449 807 845 594 475 586 184 373 788 550 754 412 400 254 196 816 141 258 814 741 778 409 732 69 772 356 411 820 930 422 321 796 408 511 401 386 755 374 589 443 433 609 373 776 845 445 313 466 665 205 446 356 443 411 485 819
495 681 924 249 611 306 484 492 628 464 523 914 778 883 279 335 365 332 126 410 723 0 388 401 511 409 449 110 891 853 379 811 589 134 793 546 697 200 841 361 609 736 267 550 381 337 364 352 891 173 628 641 126 651 172 426 784 880 616 109 858 492 289 141 159 672 242 700 194 462 330 132 380 889 920 340 727 822 824 778 162 472 134 784 397 417 920 121 242 730 793 717 115 848 294 534 302 810 325 171
758 392 870 318 335 299 392 360 782 398 476 579 560 577 346 697 298 273 471 730 530 388 0 217 547 604 803 388 825 863 628 723 725 328 445 334 316 347 838 169 266 368 455 378 90 675 324 70 893 222 541 667 367 263 302 498 422 584 538 495 667 427 311 501 334 302 243 476 555 174 361 405 752 863 604 275 751 868 465 419 523 159 309 412 100 87 584 501 367 773 746 337 425 568 202 565 191 447 455 554
615 281 656 197 211 465 175 146 592 184 260 521 392 483 203 630 485 453 426 623 347 401 217 0 340 445 719 456 613 646 492 512 533 414 412 152 374 464 621 56 242 380 326 176 126 588 506 268 676 244 327 454 446 384 408 307 416 479 322 504 488 211 469 459 433 326 386 309 504 100 189 480 692 647 521 457 536 654 450 407 478 126 272 431 119 304 527 481 498 559 531 387 376 448 107 357 101 442 297 531
380 475 415 287 428 724 188 235 266 164 115 706 426 627 249 538 762 726 444 461 362 511 547 340 0 223 579 613 386 347 305 322 207 602 646 330 681 671 331 379 532 660 257 279 460 472 777 583 383 453 185 133 618 714 619 86 675 609 171 571 451 149 719 466 629 623 638 390 478 430 206 638 600 377 673 732 222 331 695 662 472 458 398 705 457 632 712 512 714 234 287 688 413 561 357 23 364 695 190 541
174 658 598 287 600 688 360 402 219 328 320 901 642 831 259 326 739 702 302 238 578 409 604 445 223 0 356 520 579 490 84 534 184 532 823 500 818 603 488 459 678 815 160 462 535 256 746 616 529 433 407 303 533 826 561 169 842 816 393 429 674 332 676 312 559 767 606 596 302 545 257 541 385 546 876 710 371 440 868 831 308 571 346 864 539 678 907 362 647 361 483 830 295 770 404 237 415 865 151 373
243 975 936 523 911 748 690 726 478 659 668 1223 990 1163 518 115 808 778 336 119 926 449 803 719 579 356 0 528 923 809 274 887 484 576 1127 817 1082 630 816 708 960 1099 398 790 764 131 804 785 847 585 761 650 553 1060 617 515 1135 1151 747 379 1028 670 728 311 596 1041 691 935 256 812 546 536 98 876 1207 786 705 743 1168 1126 289 832 494 1149 776 852 1229 331 664 685 830 1098 379 1108 637 593 649 1160 448 290
600 728 1022 338 660 221 566 567 738 549 615 949 846 929 372 413 282 254 230 505 795 110 388 456 613 520 528 0 988 958 488 904 699 62 821 607 703 102 944 408 636 753 375 620 406 428 276 336 995 212 717 745 27 642 101 530 804 929 706 150 933 579 200 237 72 687 182 764 283 499 422 25 447 990 963 262 832 929 847 801 255 503 219 799 424 393 954 201 139 836 891 725 225 901 351 636 356 830 431 238
689 553 48 650 555 1065 445 467 471 450 376 681 373 582 615 905 1092 1059 830 805 351 891 825 613 386 579 923 988 0 166 661 105 445 968 697 503 820 1033 137 667 684 763 643 451 736 835 1112 881 155 805 287 276 989 895 978 472 748 555 293 956 294 419 1065 852 994 758 981 419 862 662 566 1013 963 92 620 1063 221 245 744 734 857 686 768 792 725 912 686 898 1074 249 99 816 798 510 680 364 682 757 575 926
567 655 150 633 641 1068 471 506 336 466 388 817 500 720 595 809 1103 1067 772 696 462 853 863 646 347 490 809 958 166 0 566 225 325 949 814 569 914 1018 35 695 769 866 590 511 773 738 1120 909 40 798 334 214 964 975 965 428 860 694 333 902 442 436 1064 790 976 851 982 526 789 715 551 982 862 80 761 1073 126 82 863 846 790 742 744 901 765 950 823 839 1061 129 149 913 749 646 690 323 696 873 528 858
130 723 679 313 662 674 428 468 269 396 397 968 720 902 293 244 728 693 260 156 655 379 628 492 305 84 274 488 661 566 0 617 248 509 884 564 865 579 567 496 730 869 174 530 567 174 733 630 606 437 488 386 505 864 542 244 899 888 474 379 755 404 660 262 536 817 597 670 241 590 305 507 302 625 947 700 451 511 928 888 253 615 343 919 574 695 975 311 621 437 566 879 267 843 434 320 446 923 196 312
664 450 152 566 450 970 349 367 465 358 289 594 279 496 533 857 995 961 760 768 249 811 723 512 322 534 887 904 105 225 617 0 427 881 600 398 717 944 190 568 580 661 575 347 635 789 1015 780 230 714 190 240 903 790 888 405 649 470 199 883 218 327 970 785 905 655 886 317 800 558 482 929 917 174 537 966 219 290 648 635 792 582 684 692 623 809 599 829 984 256 82 713 724 423 585 302 586 659 506 860
245 680 453 425 635 853 394 441 60 368 321 905 609 822 389 486 900 863 486 371 549 589 725 533 207 184 484 699 445 325 248 427 0 705 852 537 887 777 331 563 738 867 326 485 645 415 910 750 364 588 365 190 711 915 731 228 882 802 353 613 610 356 843 496 733 829 769 587 484 628 365 721 537 392 868 870 224 264 901 869 492 656 509 913 644 807 912 546 821 201 359 894 475 753 525 202 535 902 287 555
628 679 1005 319 612 173 537 534 749 523 593 895 806 878 356 460 233 202 259 543 758 134 328 414 602 532 576 62 968 949 509 881 705 0 766 565 643 71 933 363 581 695 379 583 353 469 231 274 986 172 692 735 39 580 41 522 747 880 682 204 897 554 155 273 28 629 122 723 324 448 403 77 499 976 911 210 823 925 790 744 293 450 205 740 371 331 900 245 115 831 873 666 243 854 312 626 315 773 428 288
997 172 744 608 223 738 467 422 910 497 532 136 325 174 610 1041 724 707 836 1026 353 793 445 412 646 823 1127 821 697 814 884 600 852 766 0 323 186 792 781 436 185 103 730 368 416 997 751 512 827 621 508 701 804 292 744 659 57 195 516 901 422 501 753 869 776 154 688 289 915 332 583 841 1103 773 180 707 751 860 50 45 888 321 676 103 398 485 140 886 812 787 666 167 785 214 509 650 498 60 689 938
674 159 549 317 100 609 145 99 596 175 219 406 241 351 307 739 623 593 555 711 199 546 334 152 330 500 817 607 503 569 564 398 537 565 323 0 357 615 539 205 207 330 420 58 250 689 646 397 593 395 235 408 597 407 559 336 347 343 237 646 340 182 615 587 584 296 534 157 626 162 271 631 803 553 393 596 476 594 369 334 604 184 413 375 235 416 413 615 648 507 435 361 506 306 256 338 251 368 371 662
989 269 868 561 273 585 494 447 946 518 575 315 463 358 574 984 562 550 764 993 471 697 316 374 681 818 1082 703 820 914 865 717 887 643 186 357 0 657 882 374 150 83 697 414 321 951 589 372 933 525 585 765 682 107 615 670 137 376 589 806 572 533 602 796 648 63 549 402 847 275 562 720 1043 886 365 549 831 946 179 143 817 251 598 107 308 330 318 804 670 863 771 23 715 387 444 691 432 155 672 857
695 718 1071 386 653 121 597 591 820 585 657 924 856 914 423 515 182 158 325 606 810 200 347 464 671 603 630 102 1033 1018 579 944 777 71 792 615 657 0 1002 410 610 714 450 637 388 529 174 285 1054 230 754 804 78 584 57 592 769 917 745 252 951 617 100 336 44 649 109 772 384 486 470 97 548 1044 945 165 892 996 812 767 355 485 275 757 406 332 929 302 44 901 939 679 312 895 367 694 368 794 499 340
576 622 128 616 610 1049 446 480 348 442 364 783 466 686 578 810 1083 1047 764 701 428 841 838 621 331 488 816 944 137 35 567 190 331 933 781 539 882 1002 0 671 737 833 580 482 747 740 1100 885 55 780 305 200 949 945 949 415 827 660 305 894 407 412 1045 783 960 819 962 493 785 687 533 969 865 61 727 1053 118 108 829 813 785 714 729 868 739 925 788 831 1045 131 115 881 739 612 669 308 674 839 517 852
623 321 710 187 252 409 226 200 621 230 308 553 446 523 204 613 429 396 401 619 402 361 169 56 379 459 708 408 667 695 496 568 563 363 436 205 374 410 671 0 257 393 325 233 82 577 450 215 726 197 381 498 396 368 354 335 434 522 375 468 543 259 413 433 381 333 330 361 481 106 204 432 674 699 559 400 582 699 471 427 454 124 239 443 82 256 559 450 444 604 584 390 350 493 73 397 62 460 308 502
851 150 732 437 129 564 345 298 798 370 425 314 346 313 444 868 557 536 657 865 340 609 266 242 532 678 960 636 684 769 730 580 738 581 185 207 150 610 737 257 0 139 568 265 230 829 583 335 790 437 437 616 619 211 561 525 177 321 441 717 458 384 577 690 592 91 508 273 738 151 426 656 930 745 338 537 682 798 216 170 710 137 495 189 213 319 319 705 633 714 628 156 607 313 330 542 319 203 535 757
988 212 810 575 234 651 473 426 926 501 548 234 397 275 583 1006 633 618 792 1004 412 736 368 380 660 815 1099 753 763 866 869 661 867 695 103 330 83 714 833 393 139 0 707 384 355 967 660 430 883 562 544 732 733 189 669 659 57 295 550 845 502 511 667 824 702 65 608 344 873 288 564 771 1067 833 282 617 791 904 101 61 845 269 627 50 339 396 237 837 731 825 720 65 741 308 465 667 454 80 673 889
304 578 672 140 513 530 302 332 371 272 304 826 610 769 123 321 579 543 187 297 548 267 455 326 257 160 398 375 643 590 174 575 326 379 730 420 697 450 580 325 568 707 0 397 394 269 588 460 629 274 409 380 385 691 405 172 740 758 395 314 667 291 519 210 407 652 447 547 228 423 149 398 386 631 812 550 464 556 772 731 217 446 186 757 401 524 832 255 494 465 544 712 159 717 261 280 273 765 69 285
634 198 496 310 150 642 102 65 544 134 165 439 228 374 293 718 660 628 546 680 175 550 378 176 279 462 790 620 451 511 530 347 485 583 368 58 414 637 482 233 265 384 397 0 290 664 682 437 536 411 177 351 613 465 580 294 397 362 179 645 314 133 646 577 604 353 562 153 613 211 251 645 783 498 418 632 418 536 416 384 592 236 416 428 278 463 446 609 673 449 379 418 498 320 271 284 269 417 342 654
696 331 780 254 268 363 302 270 702 309 386 543 484 527 277 664 373 344 443 681 449 381 90 126 460 535 764 406 736 773 567 635 645 353 416 250 321 388 747 82 230 355 394 290 0 634 397 147 803 208 452 579 390 298 335 417 403 530 448 490 588 337 372 474 365 291 294 399 526 100 283 427 722 773 559 347 661 779 444 398 496 97 277 404 18 178 548 484 415 684 656 340 393 508 133 478 121 429 384 537
209 847 853 392 781 642 566 600 425 535 552 1095 870 1037 387 71 701 669 216 80 807 337 675 588 472 256 131 428 835 738 174 789 415 469 997 689 951 529 740 577 829 967 269 664 634 0 700 659 777 459 650 559 452 930 508 400 1004 1026 635 287 916 549 624 196 492 910 579 812 145 680 418 441 129 798 1081 677 624 679 1038 995 175 701 366 1018 645 727 1101 228 567 610 739 967 254 984 506 489 518 1029 323 200
855 715 1153 494 658 59 667 649 958 663 740 887 881 896 532 688 27 54 490 774 845 364 324 506 777 746 804 276 1112 1120 733 1015 910 231 751 646 589 174 1100 450 583 660 588 682 397 700 0 255 1154 326 826 909 250 499 193 706 717 904 819 426 985 694 76 504 208 599 142 795 555 493 571 271 722 1135 920 50 998 1108 761 718 524 482 402 696 413 266 891 474 147 1011 1024 613 469 891 433 799 430 740 624 514
761 461 924 330 404 229 440 414 805 443 522 646 627 647 363 675 230 204 448 720 594 352 70 268 583 616 785 336 881 909 630 780 750 274 512 397 372 285 885 215 335 430 460 437 147 659 255 0 940 201 595 708 313 306 243 526 485 653 590 455 733 473 242 476 276 366 177 542 531 240 386 350 726 914 673 206 793 909 529 484 499 227 296 473 161 67 651 470 301 813 798 395 406 638 227 603 219 510 471 522
605 671 128 669 662 1103 501 535 372 497 419 824 509 726 631 848 1137 1102 811 735 475 891 893 676 383 529 847 995 155 40 606 230 364 986 827 593 933 1054 55 726 790 883 629 536 803 777 1154 940 0 834 359 251 1001 998 1002 466 875 700 359 941 443 467 1099 829 1013 870 1017 541 829 742 586 1020 900 64 766 1107 165 111 876 861 830 768 781 917 794 980 829 878 1097 169 163 932 788 653 724 360 729 886 566 897
566 517 843 168 449 271 367 362 638 356 428 745 635 719 206 476 313 276 250 519 586 173 222 244 453 433 585 212 805 798 437 714 588 172 621 395 525 230 780 197 437 562 274 411 208 459 326 201 834 0 524 586 202 484 174 380 611 718 515 282 725 387 266 279 194 498 185 552 334 292 248 236 530 819 754 283 675 783 651 605 302 300 95 611 224 268 750 281 270 687 712 545 206 690 140 476 144 637 301 334
565 338 330 380 312 780 159 181 419 168 106 544 245 458 349 713 806 772 588 644 184 628 541 327 185 407 761 717 287 334 488 190 365 692 508 235 585 754 305 381 437 544 409 177 452 650 826 595 359 524 0 195 715 642 698 250 546 437 14 706 267 138 780 615 716 522 696 226 637 384 298 742 777 323 503 777 247 362 557 533 625 410 498 584 442 628 550 656 794 281 205 586 548 388 394 176 396 563 340 692
424 530 297 420 498 857 284 327 236 270 197 738 430 649 382 629 894 858 565 532 373 641 667 454 133 303 650 745 276 214 386 240 190 735 701 408 765 804 200 498 616 732 380 351 579 559 909 708 251 586 195 0 750 811 752 215 738 627 185 694 421 245 852 585 762 704 770 420 590 535 339 769 687 251 694 864 88 201 751 725 588 562 530 774 573 754 744 633 847 106 180 769 539 577 485 110 491 755 316 656
619 714 1025 339 647 195 562 561 752 547 615 932 837 914 374 438 256 228 249 528 788 126 367 446 618 533 553 27 989 964 505 903 711 39 804 597 682 78 949 396 619 733 385 613 390 452 250 313 1001 202 715 750 0 619 74 536 785 915 705 177 927 578 174 259 45 668 155 755 306 484 423 38 473 994 948 236 838 937 828 782 277 487 221 779 408 369 937 225 117 844 893 704 240 889 342 641 346 811 439 264
991 353 942 552 340 501 530 485 974 551 615 421 551 463 571 957 472 464 732 980 550 651 263 384 714 826 1060 642 895 975 864 790 915 580 292 407 107 584 945 368 211 189 691 465 298 930 499 306 998 484 642 811 619 0 548 691 243 481 644 758 662 570 520 762 581 151 475 482 816 287 569 656 1013 954 472 461 883 1001 284 249 785 259 568 210 290 252 424 764 593 913 837 127 685 488 431 727 419 261 676 817
663 665 1016 333 599 134 541 534 776 530 601 875 800 862 370 501 193 161 297 582 754 172 302 408 619 561 617 101 978 965 542 888 731 41 744 559 615 57 949 354 561 669 405 580 335 508 193 243 1002 174 698 752 74 548 0 540 723 865 689 245 894 561 118 312 33 604 81 716 364 433 416 110 540 990 894 169 840 945 766 720 333 433 225 714 353 297 880 285 97 850 884 637 276 841 310 642 312 748 450 329
341 491 501 212 436 651 192 237 286 162 154 733 476 662 174 464 692 656 358 399 412 426 498 307 86 169 515 530 472 428 244 405 228 522 659 336 670 592 415 335 525 659 172 294 417 400 706 526 466 380 250 215 536 691 540 0 681 647 235 485 515 163 645 381 549 615 565 427 395 404 140 554 527 463 707 662 302 404 706 670 387 432 317 707 417 581 739 427 635 309 373 680 327 601 300 109 309 703 104 456
1015 209 795 613 247 707 492 445 941 521 562 179 376 229 618 1045 690 675 835 1037 400 784 422 416 675 842 1135 804 748 860 899 649 882 747 57 347 137 769 827 434 177 57 740 397 403 1004 717 485 875 611 546 738 785 243 723 681 0 251 554 893 476 528 723 867 755 120 663 334 915 328 595 823 1107 822 231 674 792 903 44 14 887 313 672 46 386 453 181 882 787 827 712 116 784 271 507 681 496 26 703 934
985 201 599 659 270 882 461 426 856 493 498 126 199 27 649 1079 878 856 897 1040 254 880 584 479 609 816 1151 929 555 694 888 470 802 880 195 343 376 917 660 522 321 295 758 362 530 1026 904 653 700 718 437 627 915 481 865 647 251 0 449 984 262 484 894 929 894 333 821 220 969 432 611 951 1144 640 68 857 657 753 225 240 946 433 751 296 512 641 131 956 944 695 546 360 848 50 586 606 579 246 704 1004
551 345 335 369 317 772 152 177 407 159 94 555 258 470 337 699 799 765 575 630 196 616 538 322 171 393 747 706 293 333 474 199 353 682 516 237 589 745 305 375 441 550 395 179 448 635 819 590 359 515 14 185 705 644 689 235 554 449 0 694 281 128 772 602 706 527 688 236 624 383 286 731 762 325 515 770 242 358 566 540 612 409 488 590 438 625 561 643 785 275 209 591 536 400 387 162 389 571 327 679
476 785 986 337 716 371 571 585 644 548 600 1021 873 987 361 265 432 404 130 367 816 109 495 504 571 429 379 150 956 902 379 883 613 204 901 646 806 252 894 468 717 845 314 645 490 287 426 455 941 282 706 694 177 758 245 485 893 984 694 0 948 574 351 118 221 781 325 797 147 570 411 157 297 945 1026 412 777 862 933 887 127 581 233 893 506 519 1027 69 285 775 857 826 159 950 398 593 407 919 381 90
827 309 337 611 341 949 377 367 656 401 365 389 112 289 587 978 961 932 838 911 141 858 667 488 451 674 1028 933 294 442 755 218 610 897 422 340 572 951 407 543 458 502 667 314 588 916 985 733 443 725 267 421 927 662 894 515 476 262 281 948 0 378 955 867 918 513 873 193 894 494 538 958 1042 381 326 935 427 507 465 463 879 510 724 522 572 745 393 904 986 465 299 562 794 219 585 439 583 481 601 945
503 331 459 243 281 647 40 86 415 32 49 570 321 499 214 608 676 641 461 557 258 492 427 211 149 332 670 579 419 436 404 327 356 554 501 182 533 617 412 259 384 511 291 133 337 549 694 473 467 387 138 245 578 570 561 163 528 484 128 574 378 0 646 489 578 474 562 266 517 290 163 604 672 442 544 647 325 443 549 516 501 318 361 557 330 514 577 528 657 350 329 540 418 439 262 158 265 549 227 567
781 700 1105 433 639 23 622 607 890 614 690 888 854 888 471 613 83 63 414 698 814 289 311 469 719 676 728 200 1065 1064 660 970 843 155 753 615 602 100 1045 413 577 667 519 646 372 624 76 242 1099 266 780 852 174 520 118 645 723 894 772 351 955 646 0 428 132 604 84 769 479 471 513 197 647 1083 915 69 940 1048 768 723 448 464 335 707 389 272 892 398 81 952 974 626 395 877 386 742 384 748 559 438
365 736 880 270 667 446 493 514 527 466 509 980 801 936 284 199 505 473 32 270 741 141 501 459 466 312 311 237 852 790 262 785 496 273 869 587 796 336 783 433 690 824 210 577 474 196 504 476 829 279 615 585 259 762 312 381 867 929 602 118 867 489 428 0 297 762 383 730 55 539 330 252 251 836 977 481 666 747 904 860 23 555 197 874 488 543 986 50 375 662 753 814 83 892 360 488 371 893 279 78
654 694 1031 345 628 151 560 556 776 547 618 906 825 892 382 481 212 183 284 567 778 159 334 433 629 559 596 72 994 976 536 905 733 28 776 584 648 44 960 381 592 702 407 604 365 492 208 276 1013 194 716 762 45 581 33 549 755 894 706 221 918 578 132 297 0 637 112 742 347 462 429 77 517 1003 924 191 850 953 798 752 317 463 232 746 384 330 911 266 88 858 899 670 269 870 333 652 335 781 455 307
939 208 806 518 210 588 435 388 888 461 515 290 404 317 528 946 571 556 730 949 409 672 302 326 623 767 1041 687 758 851 817 655 829 629 154 296 63 649 819 333 91 65 652 353 291 910 599 366 870 498 522 704 668 151 604 615 120 333 527 781 513 474 604 762 637 0 543 340 813 230 513 706 1007 823 331 555 768 884 164 120 784 209 565 113 276 333 293 774 667 801 708 65 680 338 405 632 394 145 622 827
722 624 1021 353 561 86 537 523 817 530 606 821 773 816 391 576 132 96 364 650 732 242 243 386 638 606 691 182 981 982 597 886 769 122 688 534 549 109 962 330 508 608 447 562 294 579 142 177 1017 185 696 770 155 475 81 565 663 821 688 325 873 562 84 383 112 543 0 688 436 393 432 189 618 1000 845 103 859 968 707 661 405 388 261 650 311 223 826 360 124 871 890 571 337 801 301 660 300 688 483 407
765 133 467 462 149 762 246 217 642 277 278 319 85 237 447 868 771 743 699 823 69 700 476 309 390 596 935 764 419 526 670 317 587 723 289 157 402 772 493 361 273 344 547 153 399 812 795 542 541 552 226 420 755 482 716 427 334 220 236 797 193 266 769 730 742 340 688 0 765 302 403 788 933 489 283 746 464 571 338 320 745 317 566 376 382 552 325 762 805 501 378 397 651 174 413 388 408 347 489 807
329 778 887 311 710 497 524 548 509 496 532 1023 833 977 320 144 557 525 84 222 772 194 555 504 478 302 256 283 862 789 241 800 484 324 915 626 847 384 785 481 738 873 228 613 526 145 555 531 829 334 637 590 306 816 364 395 915 969 624 147 894 517 479 55 347 813 436 765 0 587 362 296 197 840 1018 533 667 742 952 908 33 604 249 924 539 598 1030 83 422 660 763 865 133 930 408 499 420 941 297 71
714 232 708 288 168 462 251 210 687 267 337 453 388 430 299 718 469 442 507 719 356 462 174 100 430 545 812 499 662 715 590 558 628 448 332 162 275 486 687 106 151 288 423 211 100 680 493 240 742 292 384 535 484 287 433 404 328 432 383 570 494 290 471 539 462 230 393 302 587 0 288 521 779 707 464 444 612 731 366 321 559 28 344 338 82 254 458 555 515 639 589 289 456 409 179 444 168 354 397 607
427 429 602 85 364 518 163 186 421 137 193 677 471 621 51 469 556 520 300 443 411 330 361 189 206 257 546 422 566 551 305 482 365 403 583 271 562 470 533 204 426 564 149 251 283 418 571 386 586 248 298 339 423 569 416 140 595 611 286 411 538 163 513 330 429 513 432 403 362 288 0 447 533 574 664 526 427 537 626 585 344 314 203 614 285 442 683 366 512 440 470 575 256 570 160 229 170 620 109 408
617 750 1047 363 682 218 591 592 760 574 640 970 870 951 397 422 279 254 247 519 820 132 405 480 638 541 536 25 1013 982 507 929 721 77 841 631 720 97 969 432 656 771 398 645 427 441 271 350 1020 236 742 769 38 656 110 554 823 951 731 157 958 604 197 252 77 706 189 788 296 521 447 0 452 1015 984 262 856 953 866 820 269 524 245 817 445 406 975 213 128 860 916 742 246 924 375 661 380 849 455 246
311 960 980 496 893 668 687 718 540 657 678 1207 994 1154 497 64 729 700 281 170 930 380 752 692 600 385 98 447 963 862 302 917 537 499 1103 803 1043 548 865 674 930 1067 386 783 722 129 722 726 900 530 777 687 473 1013 540 527 1107 1144 762 297 1042 672 647 251 517 1007 618 933 197 779 533 452 0 924 1196 708 750 800 1142 1099 228 797 446 1117 735 793 1213 259 580 734 867 1061 329 1103 601 617 613 1132 445 211
637 621 69 658 616 1085 473 503 409 473 395 765 452 667 621 869 1117 1082 816 761 422 889 863 647 377 546 876 990 92 80 625 174 392 976 773 553 886 1044 61 699 745 833 631 498 773 798 1135 914 64 819 323 251 994 954 990 463 822 640 325 945 381 442 1083 836 1003 823 1000 489 840 707 574 1015 924 0 706 1088 174 162 821 808 838 732 773 865 764 950 770 884 1086 191 118 883 789 594 702 354 706 833 566 906
1047 241 663 707 310 902 519 482 922 551 561 69 267 46 700 1132 893 873 945 1098 321 920 604 521 673 876 1207 963 620 761 947 537 868 911 180 393 365 945 727 559 338 282 812 418 559 1081 920 673 766 754 503 694 948 472 894 707 231 68 515 1026 326 544 915 977 924 331 845 283 1018 464 664 984 1196 706 0 874 725 820 196 223 994 461 794 272 541 654 72 1001 969 763 614 346 894 117 627 671 619 219 760 1051
825 667 1105 450 609 46 619 600 919 615 692 842 831 849 488 670 30 8 464 750 796 340 275 457 732 710 786 262 1063 1073 700 966 870 210 707 596 549 165 1053 400 537 617 550 632 347 677 50 206 1107 283 777 864 236 461 169 662 674 857 770 412 935 647 69 481 191 555 103 746 533 444 526 262 708 1088 874 0 952 1063 718 675 502 433 364 655 363 222 847 455 150 966 976 572 439 843 385 754 382 697 584 498
469 584 231 508 559 945 363 402 251 352 276 774 458 681 470 695 982 946 647 589 408 727 751 536 222 371 705 832 221 126 451 219 224 823 751 476 831 892 118 582 682 791 464 418 661 624 998 793 165 675 247 88 838 883 840 302 792 657 242 777 427 325 940 666 850 768 859 464 667 612 427 856 750 174 725 952 0 119 801 778 667 639 618 830 655 838 780 714 936 38 141 832 623 608 571 199 577 808 402 735
499 695 231 615 674 1054 481 521 265 470 394 873 555 778 577 750 1093 1057 733 632 511 822 868 654 331 440 743 929 245 82 511 290 264 925 860 594 946 996 108 699 798 904 556 536 779 679 1108 909 111 783 362 201 937 1001 945 404 903 753 358 862 507 443 1048 747 953 884 968 571 742 731 537 953 800 162 820 1063 119 0 909 889 746 758 721 942 773 955 879 797 1039 97 208 948 714 704 686 309 692 917 499 812
1042 222 791 647 269 752 514 469 959 544 580 139 371 201 651 1080 734 719 872 1069 401 824 465 450 695 868 1168 847 744 863 928 648 901 790 50 369 179 812 829 471 216 101 772 416 444 1038 761 529 876 651 557 751 828 284 766 706 44 225 566 933 465 549 768 904 798 164 707 338 952 366 626 866 1142 821 196 718 801 909 0 46 925 352 710 77 427 497 140 921 830 837 714 157 821 252 544 699 533 24 732 973
1004 195 781 604 235 707 480 433 928 509 549 173 362 219 608 1037 691 675 827 1028 386 778 419 407 662 831 1126 801 734 846 888 635 869 744 45 334 143 767 813 427 170 61 731 384 398 995 718 484 861 605 533 725 782 249 720 670 14 240 540 887 463 516 723 860 752 120 661 320 908 321 585 820 1099 808 223 675 778 889 46 0 880 307 665 59 381 453 176 875 785 814 698 123 777 259 499 668 489 34 693 927
351 754 883 287 685 467 506 528 520 479 519 998 815 953 299 176 526 494 53 251 755 162 523 478 472 308 289 255 857 790 253 792 492 293 888 604 817 355 785 454 710 845 217 592 496 175 524 499 830 302 625 588 277 785 333 387 887 946 612 127 879 501 448 23 317 784 405 745 33 559 344 269 228 838 994 502 667 746 925 880 0 575 219 895 510 566 1004 59 394 662 758 836 103 909 381 493 391 913 286 69
740 236 732 310 176 454 278 237 715 295 365 446 402 430 323 737 457 431 523 741 374 472 159 126 458 571 832 503 686 742 615 582 656 450 321 184 251 485 714 124 137 269 446 236 97 701 482 227 768 300 410 562 487 259 433 432 313 433 409 581 510 318 464 555 463 209 388 317 604 28 314 524 797 732 461 433 639 758 352 307 575 0 359 320 79 235 451 569 511 666 614 267 472 413 196 472 185 339 422 621
472 553 804 119 484 344 351 358 556 332 396 792 644 755 153 389 393 357 166 424 589 134 309 272 398 346 494 219 768 744 343 684 509 205 676 413 598 275 729 239 495 627 186 416 277 366 402 296 781 95 498 530 221 568 225 317 672 751 488 233 724 361 335 197 232 565 261 566 249 344 203 245 446 773 794 364 618 721 710 665 219 359 0 677 291 363 797 211 318 626 672 617 117 718 168 421 178 698 225 263
1038 247 839 626 278 690 520 473 972 548 593 215 421 274 634 1056 669 656 842 1054 443 784 412 431 705 864 1149 799 792 901 919 692 913 740 103 375 107 757 868 443 189 50 757 428 404 1018 696 473 917 611 584 774 779 210 714 707 46 296 590 893 522 557 707 874 746 113 650 376 924 338 614 817 1117 865 272 655 830 942 77 59 895 320 677 0 388 435 217 886 773 865 754 84 792 317 516 712 504 53 723 939
702 313 770 262 250 380 294 261 702 303 379 525 468 509 282 676 389 361 456 691 433 397 100 119 457 539 776 424 725 765 574 623 644 371 398 235 308 406 739 82 213 339 401 278 18 645 413 161 794 224 442 573 408 290 353 417 386 512 438 506 572 330 389 488 384 276 311 382 539 82 285 445 735 764 541 363 655 773 427 381 510 79 291 388 0 187 530 499 433 679 647 326 407 490 141 474 129 412 389 551
826 458 956 391 407 255 479 447 863 486 563 621 636 631 423 742 239 222 516 787 609 417 87 304 632 678 852 393 912 950 695 809 807 331 485 416 330 332 925 256 319 396 524 463 178 727 266 67 980 268 628 754 369 252 297 581 453 641 625 519 745 514 272 543 330 333 223 552 598 254 442 406 793 950 654 222 838 955 497 453 566 235 363 435 187 0 625 536 341 860 833 353 473 630 282 651 272 476 531 587
1080 254 730 719 320 877 548 507 967 580 598 6 324 104 716 1149 864 847 953 1123 373 920 584 527 712 907 1229 954 686 823 975 599 912 900 140 413 318 929 788 559 319 237 832 446 548 1101 891 651 829 750 550 744 937 424 880 739 181 131 561 1027 393 577 892 986 911 293 826 325 1030 458 683 975 1213 770 72 847 780 879 140 176 1004 451 797 217 530 625 0 1007 951 818 674 297 903 177 630 712 620 164 784 1058
409 761 927 300 691 417 529 546 576 503 550 1001 835 962 318 216 477 447 69 305 776 121 501 481 512 362 331 201 898 839 311 829 546 245 886 615 804 302 831 450 705 837 255 609 484 228 474 470 878 281 656 633 225 764 285 427 882 956 643 69 904 528 398 50 266 774 360 762 83 555 366 213 259 884 1001 455 714 797 921 875 59 569 211 886 499 536 1007 0 339 711 799 823 111 921 378 535 388 908 323 53
737 746 1112 429 682 104 637 628 864 626 698 946 889 940 466 550 161 144 366 644 845 242 367 498 714 647 664 139 1074 1061 621 984 821 115 812 648 670 44 1045 444 633 731 494 673 415 567 147 301 1097 270 794 847 117 593 97 635 787 944 785 285 986 657 81 375 88 667 124 805 422 515 512 128 580 1086 969 150 936 1039 830 785 394 511 318 773 433 341 951 339 0 944 981 693 355 923 404 737 405 811 543 374
446 619 253 519 592 958 388 430 221 376 301 812 496 719 481 680 996 960 645 570 445 730 773 559 234 361 685 836 249 129 437 256 201 831 787 507 863 901 131 604 714 825 465 449 684 610 1011 813 169 687 281 106 844 913 850 309 827 695 275 775 465 350 952 662 858 801 871 501 660 639 440 860 734 191 763 966 38 97 837 814 662 666 626 865 679 860 818 711 944 0 176 865 624 646 589 212 596 843 406 729
600 508 132 555 500 975 359 386 391 361 284 669 351 572 519 809 1005 971 731 712 313 793 746 531 287 483 830 891 99 149 566 82 359 873 666 435 771 939 115 584 628 720 544 379 656 739 1024 798 163 712 205 180 893 837 884 373 712 546 209 857 299 329 974 753 899 708 890 378 763 589 470 916 867 118 614 976 141 208 714 698 758 614 672 754 647 833 674 799 981 176 0 769 699 498 591 265 594 725 476 827
1002 264 864 576 273 608 501 454 954 526 580 294 455 340 589 1001 586 574 783 1008 466 717 337 387 688 830 1098 725 816 913 879 713 894 666 167 361 23 679 881 390 156 65 712 418 340 967 613 395 932 545 586 769 704 127 637 680 116 360 591 826 562 540 626 814 670 65 571 397 865 289 575 742 1061 883 346 572 832 948 157 123 836 267 617 84 326 353 297 823 693 865 769 0 733 373 461 698 449 133 684 876
387 654 828 189 585 409 418 436 513 393 442 897 724 854 207 272 466 431 51 318 665 115 425 376 413 295 379 225 798 749 267 724 475 243 785 506 715 312 739 350 607 741 159 498 393 254 469 406 788 206 548 539 240 685 276 327 784 848 536 159 794 418 395 83 269 680 337 651 133 456 256 246 329 789 894 439 623 714 821 777 103 472 117 792 407 473 903 111 355 624 699 733 0 811 277 436 288 810 223 157
938 177 555 622 242 866 418 385 807 449 451 171 150 74 611 1038 865 841 861 996 205 848 568 448 561 770 1108 901 510 646 843 423 753 854 214 306 387 895 612 493 313 308 717 320 508 984 891 638 653 690 388 577 889 488 841 601 271 50 400 950 219 439 877 892 870 338 801 174 930 409 570 924 1103 594 117 843 608 704 252 259 909 413 718 317 490 630 177 921 923 646 498 373 811 0 555 558 548 271 661 968
563 387 721 121 318 385 236 224 581 230 307 624 495 589 145 541 415 380 328 551 446 294 202 107 357 404 637 351 680 690 434 585 525 312 509 256 444 367 669 73 330 465 261 271 133 506 433 227 724 140 394 485 342 431 310 300 507 586 387 398 585 262 386 360 333 405 301 413 408 179 160 375 601 702 627 385 571 686 544 499 381 196 168 516 141 282 630 378 404 589 591 461 277 555 0 377 12 533 254 429
389 478 392 309 434 746 198 244 260 177 119 705 419 625 271 556 784 748 466 475 356 534 565 357 23 237 593 636 364 323 320 302 202 626 650 338 691 694 308 397 542 667 280 284 478 489 799 603 360 476 176 110 641 727 642 109 681 606 162 593 439 158 742 488 652 632 660 388 499 444 229 661 617 354 671 754 199 309 699 668 493 472 421 712 474 651 712 535 737 212 265 698 436 558 377 0 384 701 213 562
575 379 723 133 309 383 238 224 591 234 311 614 491 581 157 553 411 377 339 563 443 302 191 101 364 415 649 356 682 696 446 586 535 315 498 251 432 368 674 62 319 454 273 269 121 518 430 219 729 144 396 491 346 419 312 309 496 579 389 407 583 265 384 371 335 394 300 408 420 168 170 380 613 706 619 382 577 692 533 489 391 185 178 504 129 272 620 388 405 596 594 449 288 548 12 384 0 522 265 440
1039 225 804 638 268 731 513 467 961 543 582 162 384 223 643 1071 713 698 861 1062 411 810 447 442 695 865 1160 830 757 873 923 659 902 773 60 368 155 794 839 460 203 80 765 417 429 1029 740 510 886 637 563 755 811 261 748 703 26 246 571 919 481 549 748 893 781 145 688 347 941 354 620 849 1132 833 219 697 808 917 24 34 913 339 698 53 412 476 164 908 811 843 725 133 810 271 533 701 522 0 727 960
318 530 605 141 468 568 243 278 338 212 237 777 548 716 109 381 613 577 255 339 485 325 455 297 190 151 448 431 575 528 196 506 287 428 689 371 672 499 517 308 535 673 69 342 384 323 624 471 566 301 340 316 439 676 450 104 703 704 327 381 601 227 559 279 455 622 483 489 297 397 109 455 445 566 760 584 402 499 732 693 286 422 225 723 389 531 784 323 543 406 476 684 223 661 254 213 265 727 0 355
396 810 952 346 741 458 571 591 580 544 587 1052 878 1011 361 175 519 490 108 280 819 171 554 531 541 373 290 238 926 858 312 860 555 288 938 662 857 340 852 502 757 889 285 654 537 200 514 522 897 334 692 656 264 817 329 456 934 1004 679 90 945 567 438 78 307 827 407 807 71 607 408 246 211 906 1051 498 735 812 973 927 69 621 263 939 551 587 1058 53 374 729 827 876 157 968 429 562 440 960 355 0