32
0 31 52 19 73 44 88 61 27 49 35 67 23 55 41 78 62 33 47 59 28 64 37 51 43 66 29 57 38 72 44 61
31 0 41 63 28 79 52 14 71 83 42 51 19 63 27 44 38 57 22 74 61 33 48 67 35 52 44 38 27 55 63 47
52 41 0 71 15 58 27 84 39 72 48 33 67 28 55 61 44 29 63 47 35 52 74 38 27 41 63 55 44 38 27 61
19 63 71 0 84 27 49 72 15 38 59 44 51 47 63 27 55 41 38 62 73 28 44 59 61 35 47 33 52 44 38 27
73 28 15 84 0 47 72 39 58 15 71 82 44 67 23 52 37 61 49 33 55 41 27 63 44 57 38 62 35 47 61 55
44 79 58 27 47 0 15 71 83 52 27 63 38 21 77 49 66 34 57 41 29 53 61 35 52 38 44 27 63 41 35 52
88 52 27 49 72 15 0 38 59 27 83 44 71 55 33 67 24 48 61 35 47 39 55 72 33 61 27 49 44 27 52 38
61 14 84 72 39 71 38 0 27 44 63 21 58 83 47 35 52 67 31 49 44 27 63 41 55 38 62 44 33 57 41 63
27 71 39 15 58 83 59 27 0 71 23 55 44 38 61 52 47 33 68 22 57 41 35 62 29 47 53 38 61 35 44 27
49 83 72 38 15 52 27 44 71 0 55 67 27 49 38 83 41 62 24 57 33 47 59 28 61 35 44 52 38 63 27 41
35 42 48 59 71 27 83 63 23 55 0 39 61 27 74 44 58 21 43 66 52 38 47 31 27 55 63 41 44 52 38 67
67 51 33 44 82 63 44 21 55 67 39 0 72 44 51 28 37 59 47 33 61 55 28 44 38 62 35 57 41 27 55 38
23 19 67 51 44 38 71 58 44 27 61 72 0 33 59 63 48 27 55 41 37 62 44 53 47 29 38 61 52 44 33 57
55 63 28 47 67 21 55 83 38 49 27 44 33 0 47 71 62 38 29 54 41 27 63 38 52 44 57 33 27 61 47 44
41 27 55 63 23 77 33 47 61 38 74 51 59 47 0 55 31 44 67 28 53 61 35 47 38 52 41 63 55 38 27 52
78 44 61 27 52 49 67 35 52 83 44 28 63 71 55 0 49 73 38 61 27 44 52 33 62 41 35 47 44 33 61 38
62 38 44 55 37 66 24 52 47 41 58 37 48 62 31 49 0 27 53 44 67 35 41 58 33 47 61 28 52 41 38 55
33 57 29 41 61 34 48 67 33 62 21 59 27 38 44 73 27 0 61 35 44 52 27 63 55 38 47 41 38 27 55 44
47 22 63 38 49 57 61 31 68 24 43 47 55 29 67 38 53 61 0 42 35 47 61 27 44 63 38 52 61 44 27 38
59 74 47 62 33 41 35 49 22 57 66 33 41 54 28 61 44 35 42 0 55 63 38 47 27 41 53 61 35 52 44 63
28 61 35 73 55 29 47 44 57 33 52 61 37 41 53 27 67 44 35 55 0 38 62 49 41 33 57 44 63 47 38 27
64 33 52 28 41 53 39 27 41 47 38 55 62 27 61 44 35 52 47 63 38 0 29 55 52 47 38 27 41 55 63 44
37 48 74 44 27 61 55 63 35 59 47 28 44 63 35 52 41 27 61 38 62 29 0 47 33 55 41 63 27 38 52 61
51 67 38 59 63 35 72 41 62 28 31 44 53 38 47 33 58 63 27 47 49 55 47 0 38 44 62 35 55 27 41 52
43 35 27 61 44 52 33 55 29 61 27 38 47 52 38 62 33 55 44 27 41 52 33 38 0 57 41 63 44 38 55 27
66 52 41 35 57 38 61 38 47 35 55 62 29 44 52 41 47 38 63 41 33 47 55 44 57 0 38 52 61 44 33 47
29 44 63 47 38 44 27 62 53 44 63 35 38 57 41 35 61 47 38 53 57 38 41 62 41 38 0 47 38 55 44 61
57 38 55 33 62 27 49 44 38 52 41 57 61 33 63 47 28 41 52 61 44 27 63 35 63 52 47 0 27 41 63 38
38 27 44 52 35 63 44 33 61 38 44 41 52 27 55 44 52 38 61 35 63 41 27 55 44 61 38 27 0 47 35 62
72 55 38 44 47 41 27 57 35 63 52 27 61 47 38 33 41 27 44 52 47 55 38 27 38 44 55 41 47 0 52 38
44 63 27 38 61 35 52 41 44 27 38 55 33 47 27 61 38 55 44 38 63 41 52 27 55 33 44 63 35 52 0 44
61 47 61 27 55 52 38 63 27 41 67 38 57 44 52 38 55 44 38 63 27 44 61 52 27 47 61 38 62 38 44 0