50
0 901 397 427 100 645 514 748 237 624 448 520 778 766 604 329 551 177 795 927 178 324 350 506 742 310 624 610 319 160 186 368 106 898 269 206 564 792 343 103 80 829 797 360 253 233 315 569 327 555
901 0 570 650 980 667 910 168 833 664 557 512 185 180 641 627 361 748 814 26 998 763 574 555 955 729 376 399 935 769 1074 778 821 988 769 709 832 626 941 798 979 85 210 730 997 1083 598 452 914 405
397 570 0 120 495 653 703 403 265 295 59 435 412 489 605 330 216 324 842 594 551 470 75 126 878 159 233 216 595 338 583 515 295 996 200 288 691 744 613 315 475 487 543 170 594 624 113 440 586 173
427 650 120 0 527 771 801 482 232 204 96 555 476 592 723 437 317 401 959 673 597 566 186 104 987 122 281 259 673 410 606 614 321 1110 171 372 798 865 693 367 498 565 649 91 654 660 215 560 667 245
100 980 495 527 0 657 481 832 330 724 548 564 866 836 620 380 637 235 789 1006 92 330 444 606 714 410 719 706 273 215 94 366 206 874 368 272 547 811 295 187 47 911 862 459 181 133 407 618 287 649
645 667 653 771 657 0 298 622 771 937 700 225 690 490 48 355 555 482 190 686 610 327 586 757 289 741 703 710 442 494 726 293 647 356 743 475 195 159 432 571 688 651 460 784 551 683 563 252 418 648
514 910 703 801 481 298 0 825 713 997 761 400 886 731 295 378 695 414 343 933 405 236 628 826 233 728 836 836 211 412 521 188 564 395 711 433 106 447 191 484 523 875 719 780 322 456 591 458 194 768
748 168 403 482 832 622 825 0 667 512 390 428 69 172 587 501 199 605 792 192 858 648 412 390 908 561 215 237 818 626 926 672 663 969 603 565 761 622 827 647 827 85 236 562 867 942 439 378 799 238
237 833 265 232 330 771 713 667 0 407 293 590 677 737 724 417 475 305 945 858 414 489 266 331 928 114 492 472 540 302 394 540 151 1072 66 299 740 897 563 228 292 752 785 145 489 461 256 619 543 437
624 664 295 204 724 937 997 512 407 0 240 713 479 661 890 625 413 603 1126 682 798 763 370 180 1172 314 301 281 876 613 798 809 520 1286 357 573 985 1011 895 570 691 582 725 266 857 857 406 705 870 315
448 557 59 96 548 700 761 390 293 240 0 479 389 495 653 386 221 383 889 581 607 528 133 66 932 181 199 179 654 396 633 573 344 1047 228 348 746 784 672 370 525 473 553 173 652 678 172 477 645 152
520 512 435 555 564 225 400 428 590 713 479 0 492 335 180 191 332 343 414 536 548 270 373 534 492 540 480 487 438 360 650 272 490 581 552 320 333 312 440 426 582 475 334 579 521 633 356 63 415 424
778 185 412 476 866 690 886 69 677 479 389 492 0 237 654 550 229 645 861 204 898 702 433 378 975 567 197 219 869 665 959 727 687 1037 611 604 825 691 879 679 857 105 299 562 912 981 464 444 851 239
766 180 489 592 836 490 731 172 737 661 495 335 237 0 462 467 275 601 644 202 844 593 472 515 778 645 361 380 766 622 929 604 698 821 678 564 652 463 770 663 841 167 65 659 835 930 486 274 744 356
604 641 605 723 620 48 295 587 724 890 653 180 654 462 0 308 511 438 237 662 578 290 537 710 321 693 659 666 418 450 693 261 602 401 696 430 199 191 410 527 649 620 438 736 524 654 514 212 393 603
329 627 330 437 380 355 378 501 417 625 386 191 550 467 308 0 334 152 534 653 377 156 255 450 550 389 466 463 318 170 469 193 302 676 389 129 361 483 329 235 393 569 486 436 370 463 223 240 301 395
551 361 216 317 637 555 695 199 475 413 221 332 229 275 511 334 0 417 741 386 669 490 214 248 821 374 149 156 651 436 730 522 464 911 412 375 651 605 663 451 630 282 332 385 687 752 240 306 635 99
177 748 324 401 235 482 414 605 305 603 383 343 645 601 438 152 417 0 646 774 253 185 255 449 624 315 520 511 273 21 328 235 166 768 297 41 435 623 292 89 244 682 628 368 276 337 214 392 266 447
795 814 842 959 789 190 343 792 945 1126 889 414 861 644 237 534 741 646 0 830 727 472 773 947 187 923 889 897 539 655 846 428 812 176 922 646 248 196 523 733 826 810 603 968 654 789 748 436 518 836
927 26 594 673 1006 686 933 192 858 682 581 536 204 202 662 653 386 774 830 0 1024 788 600 578 974 753 398 420 960 795 1100 802 847 1004 794 735 854 640 966 824 1005 108 227 754 1023 1109 624 475 939 429
178 998 551 597 92 610 405 858 414 798 607 548 898 844 578 377 669 253 727 1024 0 291 492 668 637 485 765 754 194 233 119 317 278 800 446 294 481 767 215 236 139 933 863 535 90 86 452 606 212 693
324 763 470 566 330 327 236 648 489 763 528 270 702 593 290 156 490 185 472 788 291 0 395 594 439 494 621 618 173 188 404 50 347 585 480 199 250 481 179 266 361 712 600 546 252 372 357 332 152 551
350 574 75 186 444 586 628 412 266 370 133 373 433 472 537 255 214 255 773 600 492 395 0 200 804 180 275 262 523 270 535 440 255 925 208 218 616 684 541 258 430 496 520 210 529 569 41 384 514 205
506 555 126 104 606 757 826 390 331 180 66 534 378 515 710 450 248 449 947 578 668 594 200 0 994 218 181 159 720 462 690 639 401 1107 268 414 809 834 738 433 581 471 576 195 716 737 239 527 712 159
742 955 878 987 714 289 233 908 928 1172 932 492 975 778 321 550 821 624 187 974 637 439 804 994 0 929 969 973 444 626 753 389 783 164 918 635 190 369 423 703 756 940 747 979 553 684 772 532 427 908
310 729 159 122 410 741 728 561 114 314 181 540 567 645 693 389 374 315 923 753 485 494 180 218 929 0 379 359 579 320 486 544 206 1063 49 295 739 852 600 264 378 646 696 53 548 543 186 559 577 328
624 376 233 281 719 703 836 215 492 301 199 480 197 361 659 466 149 520 889 398 765 621 275 181 969 379 0 23 774 537 809 658 525 1059 426 479 797 747 788 533 703 292 425 368 795 843 313 453 760 73
610 399 216 259 706 710 836 237 472 281 179 487 219 380 666 463 156 511 897 420 754 618 262 159 973 359 23 0 768 528 796 656 510 1067 407 471 799 759 783 521 689 314 445 347 787 831 302 462 755 68
319 935 595 673 273 442 211 818 540 876 654 438 869 766 418 318 651 273 539 960 194 173 523 720 444 579 774 768 0 262 311 168 390 606 552 306 292 601 23 317 317 883 771 632 114 250 483 501 25 702
160 769 338 410 215 494 412 626 302 613 396 360 665 622 450 170 436 21 655 795 233 188 270 462 626 320 537 528 262 0 307 238 159 773 299 61 439 636 282 79 224 702 648 373 259 317 229 410 257 465
186 1074 583 606 94 726 521 926 394 798 633 650 959 929 693 469 730 328 846 1100 119 404 535 690 753 486 809 796 311 307 0 433 289 916 440 366 599 883 331 280 108 1005 954 531 200 85 499 706 330 740
368 778 515 614 366 293 188 672 540 809 573 272 727 604 261 193 522 235 428 802 317 50 440 639 389 544 658 656 168 238 433 0 396 535 531 249 201 451 168 315 400 731 606 596 265 393 403 335 144 588
106 821 295 321 206 647 564 663 151 520 344 490 687 698 602 302 464 166 812 847 278 347 255 401 783 206 525 510 390 159 289 396 0 931 169 174 597 784 412 81 181 745 735 257 344 339 224 530 392 458
898 988 996 1110 874 356 395 969 1072 1286 1047 581 1037 821 401 676 911 768 176 1004 800 585 925 1107 164 1063 1059 1067 606 773 916 535 931 0 1057 775 335 365 585 851 915 987 778 1111 716 848 897 608 588 1004
269 769 200 171 368 743 711 603 66 357 228 552 611 678 696 389 412 297 922 794 446 480 208 268 918 49 426 407 552 299 440 531 169 1057 0 283 728 862 574 235 334 688 727 91 513 501 204 575 551 372
206 709 288 372 272 475 433 565 299 573 348 320 604 564 430 129 375 41 646 735 294 199 218 414 635 295 479 471 306 61 366 249 174 775 283 0 445 610 325 107 277 641 593 347 316 377 177 364 298 407
564 832 691 798 547 195 106 761 740 985 746 333 825 652 199 361 651 435 248 854 481 250 616 809 190 739 797 799 292 439 599 201 597 335 728 445 0 340 275 516 586 804 634 788 406 541 584 385 270 732
792 626 744 865 811 159 447 622 897 1011 784 312 691 463 191 483 605 623 196 640 767 481 684 834 369 852 747 759 601 636 883 451 784 365 862 610 340 0 591 711 840 630 416 891 710 842 668 307 577 704
343 941 613 693 295 432 191 827 563 895 672 440 879 770 410 329 663 292 523 966 215 179 541 738 423 600 788 783 23 282 331 168 412 585 574 325 275 591 0 339 340 891 774 653 132 267 500 503 28 716
103 798 315 367 187 571 484 647 228 570 370 426 679 663 527 235 451 89 733 824 236 266 258 433 703 264 533 521 317 79 280 315 81 851 235 107 516 711 339 0 180 727 694 317 287 310 220 471 317 463
80 979 475 498 47 688 523 827 292 691 525 582 857 841 649 393 630 244 826 1005 139 361 430 581 756 378 703 689 317 224 108 400 181 915 334 277 586 840 340 180 0 907 870 425 227 169 394 633 330 635
829 85 487 565 911 651 875 85 752 582 473 475 105 167 620 569 282 682 810 108 933 712 496 471 940 646 292 314 883 702 1005 731 745 987 688 641 804 630 891 727 907 0 219 646 938 1018 522 419 863 321
797 210 543 649 862 460 719 236 785 725 553 334 299 65 438 486 332 628 603 227 863 600 520 576 747 696 425 445 771 648 954 606 735 778 727 593 634 416 774 694 870 219 0 713 847 949 530 271 749 417
360 730 170 91 459 784 780 562 145 266 173 579 562 659 736 436 385 368 968 754 535 546 210 195 979 53 368 347 632 373 531 596 257 1111 91 347 788 891 653 317 425 646 713 0 600 591 223 593 630 325
253 997 594 654 181 551 322 867 489 857 652 521 912 835 524 370 687 276 654 1023 90 252 529 716 553 548 795 787 114 259 200 265 344 716 513 316 406 710 132 287 227 938 847 600 0 136 488 582 137 723
233 1083 624 660 133 683 456 942 461 857 678 633 981 930 654 463 752 337 789 1109 86 372 569 737 684 543 843 831 250 317 85 393 339 848 501 377 541 842 267 310 169 1018 949 591 136 0 530 691 272 772
315 598 113 215 407 563 591 439 256 406 172 356 464 486 514 223 240 214 748 624 452 357 41 239 772 186 313 302 483 229 499 403 224 897 204 177 584 668 500 220 394 522 530 223 488 530 0 374 473 242
569 452 440 560 618 252 458 378 619 705 477 63 444 274 212 240 306 392 436 475 606 332 384 527 532 559 453 462 501 410 706 335 530 608 575 364 385 307 503 471 633 419 271 593 582 691 374 0 478 403
327 914 586 667 287 418 194 799 543 870 645 415 851 744 393 301 635 266 518 939 212 152 514 712 427 577 760 755 25 257 330 144 392 588 551 298 270 577 28 317 330 863 749 630 137 272 473 478 0 688
555 405 173 245 649 648 768 238 437 315 152 424 239 356 603 395 99 447 836 429 693 551 205 159 908 328 73 68 702 465 740 588 458 1004 372 407 732 704 716 463 635 321 417 325 723 772 242 403 688 0